model: emnist_classifier
accuracy: 0.9057995676994324
precision: 0.9061782576613313
recall: 0.9061210580778111
f1_score: 0.9058782780540156
confusion_matrix: [[630, 0, 8, 2, 0, 2, 10, 0, 0, 0, 1, 2, 1, 10, 1, 3, 0, 0, 0, 0, 0, 0, 0, 0, 1, 4], [0, 671, 0, 17, 1, 1, 0, 1, 1, 1, 1, 0, 0, 1, 0, 0, 1, 1, 1, 2, 0, 0, 0, 0, 0, 3], [5, 0, 635, 0, 0, 0, 2, 0, 5, 0, 2, 1, 0, 20, 1, 2, 1, 2, 0, 0, 0, 1, 0, 0, 2, 2], [1, 20, 0, 665, 5, 2, 0, 0, 0, 0, 2, 0, 0, 3, 1, 1, 4, 2, 2, 0, 1, 0, 0, 0, 2, 2], [0, 2, 0, 1, 633, 3, 2, 2, 0, 1, 1, 0, 0, 0, 22, 2, 3, 2, 18, 0, 0, 0, 1, 2, 2, 0], [10, 7, 1, 7, 1, 494, 0, 0, 3, 0, 0, 2, 0, 0, 2, 106, 2, 15, 2, 1, 0, 0, 2, 1, 3, 11], [6, 0, 1, 0, 1, 1, 630, 1, 0, 6, 7, 7, 15, 0, 0, 0, 0, 0, 2, 1, 0, 3, 0, 1, 0, 4], [0, 0, 1, 0, 2, 1, 0, 538, 9, 0, 140, 0, 0, 0, 0, 1, 2, 0, 4, 0, 1, 0, 2, 1, 3, 0], [0, 0, 3, 0, 0, 3, 1, 21, 610, 0, 6, 0, 0, 0, 0, 0, 1, 6, 9, 1, 1, 0, 1, 0, 0, 0], [1, 3, 1, 0, 2, 0, 19, 0, 0, 625, 3, 1, 0, 0, 0, 1, 2, 0, 2, 2, 1, 0, 16, 2, 0, 0], [2, 2, 0, 0, 0, 0, 4, 176, 0, 1, 499, 0, 0, 0, 0, 0, 0, 0, 0, 0, 0, 0, 4, 0, 1, 0], [0, 0, 0, 0, 0, 0, 8, 0, 0, 0, 0, 652, 19, 0, 1, 0, 0, 0, 0, 1, 0, 8, 1, 0, 0, 0], [0, 0, 2, 0, 0, 0, 13, 0, 0, 1, 0, 19, 623, 2, 0, 0, 1, 0, 0, 4, 2, 5, 4, 0, 0, 11], [0, 1, 11, 0, 0, 1, 0, 0, 1, 0, 0, 1, 0, 659, 2, 3, 0, 0, 0, 3, 0, 0, 0, 0, 0, 1], [1, 0, 7, 0, 7, 1, 0, 0, 0, 0, 2, 0, 0, 2, 646, 3, 3, 0, 0, 0, 0, 0, 0, 1, 0, 1], [0, 1, 1, 0, 2, 72, 0, 1, 1, 0, 0, 2, 0, 8, 7, 555, 1, 3, 3, 4, 0, 0, 0, 3, 2, 19], [4, 1, 2, 10, 1, 0, 0, 0, 0, 3, 0, 0, 2, 0, 4, 2, 602, 2, 2, 0, 7, 0, 2, 2, 2, 16], [0, 0, 0, 1, 0, 9, 0, 0, 12, 0, 0, 0, 0, 1, 0, 0, 0, 646, 0, 0, 0, 0, 0, 0, 0, 1], [0, 1, 0, 0, 4, 0, 0, 1, 1, 1, 3, 0, 1, 0, 1, 0, 3, 0, 615, 0, 0, 0, 0, 6, 0, 0], [0, 0, 3, 0, 0, 0, 1, 0, 0, 1, 1, 1, 0, 1, 0, 0, 0, 0, 0, 599, 16, 4, 0, 2, 0, 1], [0, 0, 0, 0, 1, 0, 0, 0, 2, 0, 0, 2, 0, 0, 0, 0, 8, 0, 0, 36, 658, 0, 1, 11, 0, 0], [2, 0, 3, 0, 0, 0, 1, 0, 0, 2, 1, 3, 13, 0, 0, 0, 0, 0, 0, 11, 2, 676, 0, 0, 0, 0], [0, 0, 0, 0, 1, 1, 2, 0, 0, 15, 2, 1, 2, 0, 2, 1, 1, 0, 1, 0, 0, 0, 664, 7, 8, 2], [0, 0, 0, 0, 0, 2, 0, 1, 7, 0, 3, 2, 1, 0, 0, 1, 10, 0, 8, 3, 26, 1, 5, 623, 0, 0], [4, 0, 0, 4, 0, 5, 0, 2, 1, 0, 4, 1, 0, 1, 1, 2, 0, 0, 4, 0, 1, 0, 2, 2, 624, 1], [0, 0, 4, 2, 2, 7, 12, 0, 0, 0, 0, 3, 2, 10, 3, 12, 2, 1, 0, 1, 0, 2, 2, 0, 2, 615]]
----
